1.4634296894073486
0.14694976806640625
0.12210607528686523
0.11551880836486816
0.09998440742492676
0.11548900604248047
0.11569023132324219
0.1158742904663086
0.10022687911987305
0.10651326179504395
0.11591649055480957
0.11550092697143555
0.11578130722045898
0.11551666259765625
0.09999823570251465
0.10669898986816406
0.10022878646850586
0.10024070739746094
0.10017800331115723
0.10010576248168945
0.10681986808776855
0.10011625289916992
0.1156468391418457
0.11551594734191895
0.10010480880737305
0.09990835189819336
0.10640668869018555
0.09989261627197266
0.1002817153930664
0.10018658638000488
0.09984636306762695
0.10681843757629395
0.10012578964233398
0.09985852241516113
0.09988594055175781
0.09998583793640137
0.1063694953918457
0.10013985633850098
0.09986758232116699
0.10009121894836426
0.10016465187072754
0.10673737525939941
0.10033178329467773
0.10018682479858398
0.09988045692443848
0.1002352237701416
0.10666608810424805
0.11557793617248535
0.09987831115722656
0.1002187728881836
0.10012269020080566
0.10642838478088379
0.09991121292114258
0.09987735748291016
0.09996795654296875
0.10015726089477539
0.10639476776123047
0.10012006759643555
0.10009360313415527
0.1003117561340332
0.10017824172973633
0.10604739189147949
0.10022759437561035
0.10011625289916992
0.10021495819091797
0.10009932518005371
0.0879662036895752
0.09984564781188965
0.10003781318664551
0.09985518455505371
0.10025739669799805
0.10635948181152344
0.1000823974609375
0.1001291275024414
0.09987354278564453
0.09982824325561523
0.10664010047912598
0.09995555877685547
0.10026288032531738
0.10020637512207031
0.10021424293518066
0.10645556449890137
0.10020160675048828
0.09982800483703613
0.09989595413208008
0.09992599487304688
0.10677075386047363
0.10016560554504395
0.09995508193969727
0.10027742385864258
0.10001230239868164
0.10685348510742188
0.10016608238220215
0.10030031204223633
0.10021042823791504
0.10001111030578613
0.10019755363464355
0.10003852844238281
0.09992551803588867
0.1001739501953125
0.09993171691894531
0.08820772171020508
0.09997296333312988
0.09986472129821777
0.10030889511108398
0.09987592697143555
0.10671019554138184
0.11548399925231934
0.10030674934387207
0.10014152526855469
0.10013175010681152
0.09989261627197266
0.10644650459289551
0.10030078887939453
0.0998539924621582
0.10024166107177734
0.10008692741394043
0.10606741905212402
0.09994888305664062
0.10001707077026367
0.09982919692993164
0.10027408599853516
0.1063840389251709
0.09994363784790039
0.09982991218566895
0.09986257553100586
0.10027098655700684
0.10649871826171875
0.10015082359313965
0.10027098655700684
0.1156156063079834
0.09987092018127441
0.09994673728942871
0.1061255931854248
0.11574101448059082
0.13135218620300293
0.11577153205871582
0.10030269622802734
0.10021042823791504
0.09990787506103516
0.09997820854187012
0.1002044677734375
0.10011029243469238
0.09993124008178711
0.10648488998413086
0.09990549087524414
0.09993958473205566
0.1001729965209961
0.10020303726196289
0.10674285888671875
0.08420467376708984
0.08435821533203125
0.08446812629699707
0.08443379402160645
0.08737039566040039
0.08479809761047363
0.10024833679199219
0.10010290145874023
0.08430838584899902
0.08953118324279785
0.08434367179870605
0.10020112991333008
0.09985852241516113
0.08452296257019043
0.09718155860900879
0.08475589752197266
0.099945068359375
0.10002517700195312
0.09984016418457031
0.10719943046569824
0.09986376762390137
0.09982967376708984
0.10021471977233887
0.09991979598999023
0.10695838928222656