1.756272792816162 1.756272792816162
2.6113173961639404 2.6113173961639404
3.444197416305542 3.444197416305542
4.2773942947387695 4.2773942947387695
5.13250994682312 5.13250994682312
5.965625286102295 5.965625286102295
6.820911884307861 6.820911884307861
7.654040575027466 7.654040575027466
8.486916780471802 8.486916780471802
9.31093978881836 9.31093978881836
10.159401178359985 10.159401178359985
10.99231743812561 10.99231743812561
11.816127300262451 11.816127300262451
12.664608240127563 12.664608240127563
13.497499942779541 13.497499942779541
14.33698844909668 14.33698844909668
15.185564279556274 15.185564279556274
16.018617391586304 16.018617391586304
16.84243130683899 16.84243130683899
17.69109272956848 17.69109272956848
18.546175241470337 18.546175241470337
19.3789324760437 19.3789324760437
20.211869478225708 20.211869478225708
21.051575183868408 21.051575183868408
21.884496927261353 21.884496927261353
22.71739649772644 22.71739649772644
23.572646856307983 23.572646856307983
24.390034198760986 24.390034198760986
25.238627910614014 25.238627910614014
26.078225135803223 26.078225135803223
26.91114068031311 26.91114068031311
27.74408531188965 27.74408531188965
28.568044424057007 28.568044424057007
29.416393995285034 29.416393995285034
30.249618768692017 30.249618768692017
31.073428630828857 31.073428630828857
31.906256914138794 31.906256914138794
32.7391631603241 32.7391631603241
33.5633430480957 33.5633430480957
34.412208557128906 34.412208557128906
35.245258808135986 35.245258808135986
36.084630727767944 36.084630727767944
36.917603969573975 36.917603969573975
37.77286148071289 37.77286148071289
38.606037855148315 38.606037855148315
39.423616886138916 39.423616886138916
40.27214050292969 40.27214050292969
41.09591722488403 41.09591722488403
41.9287793636322 41.9287793636322
42.78415036201477 42.78415036201477
43.63267183303833 43.63267183303833
44.45013451576233 44.45013451576233
45.289616107940674 45.30527448654175
46.122400760650635 46.122400760650635
46.955400228500366 46.955400228500366
47.79511332511902 47.79511332511902
48.62828540802002 48.62828540802002
49.46142506599426 49.46142506599426
50.300867557525635 50.300867557525635
51.13367581367493 51.13367581367493
51.951162576675415 51.951162576675415
52.806493282318115 52.806493282318115
53.639397382736206 53.639397382736206
54.48815131187439 54.48815131187439
55.31178379058838 55.31178379058838
56.16021156311035 56.16021156311035